93875230
29389232
23456574
34545223
98405938
98098923
23o49457
05923835
sfjj9844
jfjvj983
9u259035
94055345
93875230
29389232
23456574
34545223
98405938
98098923
23o49457
05923835
sfjj9844
jfjvj983
93875230
29389232
23456574
34545223
98405938
98098923
23o49457
05923835
sfjj9844
jfjvj983
34545223
98405938
98098923
23o49457
05923835
sfjj9844
jfjvj983
9u259035
94055345
93875230
29389232
23456574
34545223
98405938
98098923
23o49457
05923835
sfjj9844
jfjvj983
93875230
29389232
23456574
05923835
sfjj9844
93875230
29389232
23456574
05923835
29389232
23456574
05923835